 1   179  622  0  4 7 
 2   185 1079  0  5 10 
 3   190  262  0  6 8 
 4   190  741  0  1 9 
 5   193  965  0  2 9 
 6   202  342  0  3 7 13 
 7   208  499  0  1 6 14 
 8   215  136  0  3 
 9   219  840  0  4 5 12 
10   222 1194  0  2 11 
11   248 1321  0  10 17 
12   264  830  0  9 16 
13   268  366  0  6 15 
14   284  452  0  7 15 
15   335  389  0  13 14 22 
16   337  761  0  12 27 
17   338 1397  0  11 30 
18   340 1588  0  20 19 
19   358 1613  0  18 23 
20   364 1565  0  18 24 
21   371 1162  0  26 31 
22   383  355  0  15 33 36 
23   386 1590  0  19 28 
24   389 1540  0  20 25 
25   400 1551  0  24 28 32 
26   408 1208  0  21 35 29 
27   411  686  0  16 34 
28   411 1566  0  23 25 
29   413 1280  0  26 39 
30   424 1390  0  17 39 32 
31   437 1093  0  21 37 
32   439 1482  0  25 30 
33   448  288  0  22 40 
34   470  628  0  27 38 
35   485 1206  0  26 39 
36   491  450  0  22 43 
37   507 1043  0  31 47 
38   515  627  0  34 44 42 
39   516 1311  0  29 30 35 48 
40   524  221  0  33 
41   529  795  0  45 46 
42   540  691  0  38 45 
43   543  499  0  36 44 
44   553  575  0  38 43 
45   570  773  0  41 42 49 
46   583  932  0  41 50 
47   597 1051  0  37 51 
48   613 1218  0  39 53 
49   618  760  0  45 52 
50   629  918  0  46 52 51 
51   651  985  0  47 50 
52   670  901  0  49 50 
53   696 1123  0  48 55 
54   745  896  0  54 54 55 
55   766 1023  0  53 54 
