 1    48  638  0  3 4 
 2    49  307  0  3 5 
 3    49  476  0  1 2 
 4    64  738  0  1 
 5    81  239  0  2 6 
 6   151  189  0  5 7 
 7   256  139  0  6 8 
 8   298  130  0  7 12 17 
 9   316  569  0  11 13 
10   317  229  0  11 12 
11   317  452  0  9 10 
12   322  156  0  8 10 17 18 
13   323  712  0  9 16 14 
14   344  767  0  13 16 15 
15   369  806  0  14 20 
16   370  714  0  13 14 19 
17   382  117  0  8 12 18 
18   410  228  0  12 17 21 
19   416  694  0  16 22 
20   421  820  0  15 23 
21   448  449  0  18 24 
22   463  700  0  19 24 23 
23   474  781  0  20 22 
24   488  653  0  21 22 
