 1   171  637  0  3 2 
 2   171  680  0  1 4 
 3   175  596  0  1 6 
 4   179  722  0  2 10 
 5   181 1040  0  7 8 
 6   185  555  0  3 12 
 7   185  995  0  5 9 
 8   186 1084  0  5 11 
 9   195  954  0  7 13 
10   196  761  0  4 14 
11   197 1127  0  8 15 
12   201  519  0  6 19 
13   209  912  0  9 16 
14   211  801  0  10 17 
15   212 1170  0  11 18 
16   220  872  0  13 17 22 
17   224  836  0  14 16 22 
18   225 1213  0  15 20 
19   231  497  0  12 23 
20   233 1259  0  18 21 
21   240 1309  0  20 24 
22   250  839  0  16 17 25 
23   256  473  0  19 26 
24   259 1350  0  21 28 
25   266  834  0  22 29 27 
26   281  449  0  23 31 30 
27   287  861  0  25 32 
28   287 1376  0  24 35 
29   289  804  0  25 33 
30   301  472  0  26 34 
31   304  429  0  26 36 
32   309  887  0  27 37 
33   317  775  0  29 39 
34   323  496  0  30 40 
35   323 1397  0  28 44 
36   330  401  0  31 41 
37   334  917  0  32 
38   340 1589  0  42 43 
39   345  748  0  33 45 
40   346  522  0  34 
41   357  375  0  36 49 
42   360 1568  0  38 46 
43   362 1611  0  38 48 47 
44   367 1405  0  35 54 
45   376  720  0  39 51 
46   378 1549  0  42 52 
47   379 1594  0  43 50 
48   380 1632  0  43 53 
49   388  355  0  41 55 
50   398 1576  0  47 52 
51   401  695  0  45 60 
52   401 1553  0  46 50 58 57 
53   401 1658  0  48 59 
54   406 1403  0  44 62 65 
55   409  331  0  49 61 
56   414  224  0  63 
57   419 1530  0  52 64 
58   419 1575  0  52 66 
59   422 1678  0  53 
60   430  669  0  51 70 
61   431  301  0  55 68 
62   434 1382  0  54 65 69 
63   437  253  0  56 68 
64   437 1501  0  57 67 
65   438 1421  0  54 62 67 
66   441 1599  0  58 71 
67   447 1464  0  64 65 
68   456  278  0  61 63 72 
69   457 1349  0  62 73 
70   458  639  0  60 
71   464 1624  0  66 
72   475  261  0  68 74 
73   485 1322  0  69 75 
74   507  231  0  72 77 
75   510 1297  0  73 76 
76   537 1272  0  75 78 
77   546  205  0  74 79 
78   567 1243  0  76 80 
79   581  210  0  77 81 
80   598 1212  0  78 82 83 
81   615  227  0  79 
82   625 1233  0  80 84 
83   630 1182  0  80 85 
84   650 1259  0  82 86 
85   666 1150  0  83 87 
86   677 1288  0  84 88 
87   698 1120  0  85 89 
88   707 1323  0  86 
89   730 1089  0  87 91 
90   746  887  0  92 
91   751 1062  0  89 93 
92   762  937  0  90 94 
93   764 1026  0  91 94 
94   768  979  0  92 93 
