     1		 190   147 	  2 4 
     2		 191   186 	  1 3 
     3		 191   223 	  2 5 
     4		 189   109 	  1
     5		 191   261 	  3 6 
     6		 191   299 	  5 7 
     7		 191   337 	  6 8 
     8		 191   375 	  7 9 
     9		 194   413 	  8 19 
    10		 193   565 	  11 21 
    11		 192   603 	  10 12 
    12		 193   641 	  11 13 
    13		 193   679 	  12 14 
    14		 193   717 	  13 15 
    15		 193   754 	  14 22 
    16		 193   945 	  25 26 
    17		 193  1058 	  18 27 
    18		 193  1095 	  17 28 
    19		 196   451 	  9 20 
    20		 195   489 	  19 21 
    21		 194   527 	  10 20 
    22		 193   793 	  15 23 
    23		 193   831 	  22 24 
    24		 193   869 	  23 25 
    25		 193   907 	  16 24 
    26		 193   982 	  16 27 
    27		 193  1020 	  17 26 
    28		 193  1133 	  18 29 
    29		 196  1171 	  28 30 
    30		 200  1209 	  29 31 
    31		 206  1247 	  30 32
    32		 212  1275 	  31 
