     1		 400  3392 	  2 
     2		 402  3355 	  1 3 
     3		 404  3318 	  2 4 
     4		 407  3281 	  3 5 
     5		 410  3244 	  4 6 
     6		 413  3206 	  5 7 
     7		 417  3169 	  6 8 
     8		 420  3132 	  7 9 
     9		 423  3095 	  8 10 
    10		 425  3059 	  9 11 
    11		 428  3021 	  10 12 
    12		 431  2983 	  11 13 
    13		 434  2947 	  12 14 
    14		 436  2909 	  13 15 
    15		 439  2872 	  14 17 
    16		 442    20 	  18 
    17		 442  2834 	  15 19 
    18		 445    56 	  16 21 
    19		 445  2796 	  17 20 
    20		 448  2759 	  19 22 
    21		 449    93 	  18 23 
    22		 451  2723 	  20 25 
    23		 452   129 	  21 24 
    24		 456   167 	  23 26 
    25		 457  2686 	  22 27 
    26		 460   203 	  24 28 
    27		 463  2647 	  25 29 
    28		 466   240 	  26 30 
    29		 469  2609 	  27 31 
    30		 472   276 	  28 32 
    31		 475  2571 	  29 33 
    32		 479   313 	  30 34 
    33		 481  2534 	  31 35 
    34		 486   350 	  32 37 
    35		 487  2496 	  33 36 
    36		 492  2460 	  35 38 
    37		 493   387 	  34 39 
    38		 499  2421 	  36 40 
    39		 500   424 	  37 41 
    40		 504  2384 	  38 42 
    41		 506   461 	  39 43 
    42		 510  2348 	  40 44 
    43		 512   497 	  41 45 
    44		 515  2312 	  42 46 
    45		 517   534 	  43 47 
    46		 521  2274 	  44 49 
    47		 522   570 	  45 48 
    48		 527   606 	  47 50 
    49		 527  2236 	  46 51 
    50		 532   643 	  48 52 
    51		 532  2201 	  49 54 
    52		 534   680 	  50 53 
    53		 536   716 	  52 55 
    54		 538  2162 	  51 57 
    55		 539   753 	  53 56 
    56		 542   790 	  55 58 
    57		 544  2125 	  54 59 
    58		 546   827 	  56 66 
    59		 546  2088 	  57 60 
    60		 549  2051 	  59 61 
    61		 551  2014 	  60 62 
    62		 553  1976 	  61 63 
    63		 555  1939 	  62 64 
    64		 557  1903 	  63 65 
    65		 559  1865 	  64 67 
    66		 561   864 	  58 75
    67		 562  1827 	  65 68 
    68		 563  1791 	  67 69 
    69		 566  1753 	  68 70 
    70		 567  1716 	  69 71 
    71		 569  1680 	  70 72 
    72		 571  1643 	  71 73 
    73		 573  1606 	  72 74 
    74		 575  1569 	  73 76 
    75		 576   902 	  66 84 
    76		 576  1531 	  74 77 
    77		 578  1495 	  76 78 
    78		 580  1457 	  77 79 
    79		 582  1420 	  78 80 
    80		 583  1385 	  79 81 
    81		 585  1346 	  80 82 
    82		 587  1309 	  81 83 
    83		 588  1274 	  82 85 
    84		 590   939 	  75 92 
    85		 591  1235 	  83 86 
    86		 592  1198 	  85 87 
    87		 594  1161 	  86 88 
    88		 595  1126 	  87 89 
    89		 597  1087 	  88 90 
    90		 598  1052 	  89 91 
    91		 599  1013 	  90 92 
    92		 600   976 	  84 91 
