 1   996   18  2 
 2   992  100  1 3 
 3   989  184  2 4 
 4   985  281  3 5 
 5   974  330  4 6 
 6   972  428  5 7 
 7   968  541  6 8 
 8   965  661  7 9 
 9   976  684  8 10 
10   972  730  9 11 
11   973  766  10 12 
12   974  804  11 13 
13   927  809  12 14 
14   875  810  13 17 15 
15   824  811  14 16 
16   717  822  15 18 
17   891  826  14 21 
18   621  832  16 19 
19   508  841  18 20 
20   383  852  19 22 
21   893  858  17 28 
22   265  861  20 23 
23   153  873  22 29 24 
24    98  877  23 26 25 
25     8  882  24 
26   106  899  24 27 
27   106  924  26 31 
28   891  924  21 30 
29   132  935  23 32 
30   890  984  28 
31    86  986  27 
32   115  989  29 
