 1  1556   13  2 
 2  1538   74  1 4 
 3    27  203  5 
 4  1494  219  2 8 
 5    90  242  3 6 
 6   104  273  5 7 
 7   107  323  6 9 
 8  1452  370  4 12 
 9    92  407  7 10 
10    93  440  9 11 
11   184  531  10 13 
12  1400  544  8 14 
13   380  653  11 18 
14  1351  677  12 20 
15  1477  754  16 17 
16  1432  755  15 19 
17  1626  768  15 
18   578  770  13 24 
19  1398  776  16 22 
20  1312  777  14 21 
21  1287  812  20 
22  1355  849  19 27 
23   999  863  25 26 
24   796  888  18 25 
25   837  890  23 24 
26  1108  920  23 29 
27  1308  947  22 28 
28  1282  966  27 29 
29  1221  971  28 26 
