   0 
   1 
   2 
   3 
   4 
   5    37    41    45    70 
   6    38    42    46    50    71    75 
   7    39    43    47    51    55    72    76    80   105 
   8    44    48    49    52    56    60    73    74    77    78    81    85   106   107   110 
   9    49    53    54    57    58    61    65    78    79    82    83    86    90   107   108   111   112   115   116   140   141   145 
  10    58    59    62    63    66    67    84    87    88    91    92    95    96   109   113   116   117   120   121   125   142   145   146   150   175 
  11    64    67    68    89    93    96    97   100   101   114   118   122   125   126   130   143   144   147   150   151   155   176   180 
  12    69    94    98   102   119   123   127   131   135   144   148   149   152   156   160   177   178   181   185   210 
  13    99   103   124   128   132   136   149   153   157   161   165   178   179   182   186   190   211   215 
  14   104   129   133   137   154   158   162   166   179   183   187   191   195   212   216   220   245 
  15 
  16 
  17 
  18 
  19 
  20 
  21 
  22 
  23 
  24    35    36    40 
  25    36    37    40    41    45    70 
  26    38    41    42    45    46    50    70    71    75 
  27    39    43    44    46    47    50    51    55    71    72    75    76    80   105 
  28    48    49    51    52    55    56    60    73    74    77    78    80    81    85   105   106   110 
  29    53    54    57    58    60    61    65    79    82    83    85    86    90   107   108   109   111   112   115   140   141 
  30    59    62    63    65    66    67    84    87    88    89    91    92    95   109   113   114   116   117   120   121   141   142   143   145   146   175 
  31    64    68    69    89    93    94    96    97   100   101   114   118   119   122   123   125   126   143   144   147   148   150   151   155   175   176   177   180 
  32    69    94    98    99   102   103   119   123   124   127   128   130   131   135   148   149   152   153   156   157   160   177   178   179   181   182   185   210   211 
  33    99   103   104   124   128   129   132   133   136   153   154   157   158   161   162   165   179   182   183   186   187   190   191   211   212   215   216   245 
  34   104   129   133   134   137   138   158   159   162   163   166   167   170   171   184   187   188   191   192   195   196   212   213   216   217   220   221   225   245   246   250 
  35   134   138   139   163   164   167   168   171   172   189   192   193   196   197   200   201   205   214   218   222   225   226   230   247   251   255   280 
  36 
  37 
  38 
  39 
  40 
  41 
  42 
  43 
  44    35 
  45    35    36    40 
  46    37    38    40    41    42    45    70 
  47    39    42    43    44    45    46    47    50    70    71    72    75    76 
  48    47    48    49    50    51    52    55    56    73    74    76    77    78    80    81   105   106 
  49    53    54    56    57    58    59    60    61    79    81    82    83    84    85    86    90   107   108   109   110   111   112   115   140 
  50    59    62    63    64    65    66    67    84    87    88    89    90    91    92    93    95   113   114   115   116   117   118   120   121   141   142   143   144   145   146 
  51    68    69    93    94    96    97    98   100   101   118   119   122   123   124   125   126   127   144   147   148   149   150   151   152   155   175   176   177   178   180 
  52    98    99   102   103   104   124   127   128   129   130   131   132   135   149   152   153   154   156   157   158   160   178   179   181   182   183   185   186   210   211   212 
  53   104   129   132   133   134   136   137   154   158   159   161   162   163   165   166   183   184   186   187   188   190   191   195   212   213   214   215   216   217   220   245 
  54   134   138   139   159   163   164   166   167   168   170   171   184   188   189   192   193   195   196   197   200   213   214   217   218   220   221   222   225   246   247   250 
  55   139   164   168   169   172   173   189   193   194   197   198   200   201   205   214   218   219   222   223   226   227   230   247   248   251   252   255   280   281 
  56   169   173   194   198   199   202   206   219   223   224   227   228   231   235   248   249   252   253   256   257   260   281   282   285   286   315 
  57   174   199   203   228   232   257   261   286   290   315 
  58 
  59 
  60 
  61 
  62 
  63 
  64 
  65    35 
  66    35    36    37    38    40    41 
  67    38    39    40    41    42    43    44    45    46    70    71    72 
  68    45    46    47    48    49    50    51    52    72    73    74    75    76    77    78    79    80   105   106 
  69    53    54    55    56    57    58    59    60    61    79    80    81    82    83    84    85    86   105   106   107   108   109   110   111   112   113   140 
  70    61    62    63    64    65    66    67    68    69    87    88    89    90    91    92    93    94    95   113   114   115   116   117   118   119   120   121   140   141   142   143   144   145   146   147 
  71    68    69    94    95    96    97    98    99   100   101   102   122   123   124   125   126   127   128   129   147   148   149   150   151   152   153   154   155   175   176   177   178   179   180   181 
  72   102   103   104   128   129   130   131   132   133   134   135   136   153   154   156   157   158   159   160   161   162   179   181   182   183   184   185   186   187   188   210   211   212   213   214   215 
  73   133   134   136   137   138   139   159   162   163   164   165   166   167   168   170   184   187   188   189   190   191   192   193   195   196   213   214   215   216   217   218   219   220   221   245   246   247 
  74   139   164   167   168   169   170   171   172   189   192   193   194   196   197   198   200   201   218   219   221   222   223   225   226   246   247   248   249   250   251   252   255   280 
  75   169   172   173   174   194   198   199   201   202   203   205   206   219   223   224   226   227   228   230   231   235   248   249   252   253   255   256   257   260   280   281   282   285 
  76   174   199   202   203   204   206   207   224   228   229   231   232   235   236   240   249   253   254   257   258   260   261   265   282   283   285   286   287   290   315 
  77   174   203   204   207   208   229   232   233   236   237   240   241   254   258   261   262   265   266   270   283   287   290   291   295   316   320 
  78 
  79 
  80 
  81 
  82 
  83 
  84 
  85 
  86    35    36    37 
  87    35    36    37    38    39    40    41    42    43    44    70 
  88    41    42    43    44    45    46    47    48    49    50    51    52    70    71    72    73    74    75    76    77    78    79 
  89    50    51    52    53    54    55    56    57    58    59    60    75    76    77    78    79    80    81    82    83    84    85    86   105   106   107   108   109   110   111   112   113   114 
  90    60    61    62    63    64    65    66    67    68    69    87    88    89    90    91    92    93    94    95    96    97    98    99   114   115   116   117   118   119   120   121   122   123   124   140   141   142   143   144   145   146   147   148   149 
  91    95    96    97    98    99   100   101   102   103   104   122   123   124   125   126   127   128   129   130   131   132   133   148   149   150   151   152   153   154   155   156   157   158   159   175   176   177   178   179   180   181   182   183   184 
  92   104   130   131   132   133   134   135   136   137   138   139   156   157   158   159   160   161   162   163   164   165   166   182   183   184   185   186   187   188   189   190   191   192   210   211   212   213   214   215   216   217   218   219 
  93   137   138   139   163   164   165   166   167   168   169   170   171   172   173   189   190   191   192   193   194   195   196   197   198   216   217   218   219   220   221   222   223   224   225   245   246   247   248   249   250   251 
  94   169   171   172   173   174   194   197   198   199   200   201   202   203   205   222   223   224   225   226   227   228   229   230   231   248   249   250   251   252   253   254   255   256   257   280   281   282   283   285 
  95   174   199   202   203   204   205   206   207   208   227   228   229   230   231   232   233   235   236   253   254   256   257   258   259   260   261   262   281   282   283   284   285   286   287   290   315 
  96   204   207   208   209   229   232   233   234   236   237   240   241   254   258   259   261   262   263   265   266   270   283   284   286   287   288   290   291   295   315   316   317   320 
  97   208   209   234   237   238   241   242   259   262   263   266   267   270   271   275   284   288   289   291   292   295   296   300   316   317   320   321   325   350 
  98   209   234   238   242   259   263   264   267   271   275   284   288   289   292   293   296   300   317   318   321   322   325   326   350   351   355 
  99 
 100 
 101 
 102 
 103 
 104 
 105 
 106 
 107    35    36    37    38    39 
 108    35    36    37    38    39    40    41    42    43    44    45    46    47    48    49    70    71    72    73    74 
 109    45    50    51    52    53    54    55    56    57    58    59    60    61    62    63    64    70    71    72    73    75    76    77    78    79    80    81    82    83    84    88    89   105   106   107   108   109   110   111   112   113   114 
 110    60    61    62    63    64    65    66    67    68    69    85    86    87    90    91    92    93    94    95    96    97    98    99   101   102   103   104   110   111   112   113   114   115   116   117   118   119   120   121   122   123   124   129   140   141   142   143   144   145   146   147   148   149 
 111   100   101   102   103   104   125   126   127   128   129   130   131   132   133   134   135   136   137   138   139   150   151   152   153   154   155   156   157   158   159   160   161   162   163   164   175   176   177   178   179   180   181   182   183   184   185   186   187   188   189   210   211   212   213   214 
 112   135   136   137   138   139   160   161   162   163   164   165   166   167   168   169   170   171   172   173   174   185   186   187   188   189   190   191   192   193   194   195   196   197   198   199   210   211   212   213   214   215   216   217   218   219   220   221   222   223   224   245   246   247   248   249 
 113   167   168   169   170   171   172   173   174   194   195   196   197   198   199   200   201   202   203   204   220   221   222   223   224   225   226   227   228   229   230   245   246   247   248   249   250   251   252   253   254   255   256   257   280   281   282   283   284 
 114   174   200   201   202   203   204   205   206   207   208   209   227   228   229   230   231   232   233   234   235   236   253   254   255   256   257   258   259   260   261   262   280   281   282   283   284   285   286   287   288   289   315 
 115   204   206   207   208   209   232   233   234   235   236   237   238   239   240   241   258   259   260   261   262   263   264   265   266   267   284   286   287   288   289   290   291   292   295   315   316   317   318   320 
 116   209   234   237   238   239   240   241   242   243   263   264   266   267   268   270   271   288   289   291   292   293   295   296   300   317   318   319   320   321   322   325   350 
 117   239   242   243   264   267   268   269   271   272   275   276   289   292   293   294   296   297   300   301   305   318   319   321   322   323   325   326   330   350   351   355 
 118     0   239   243   244   264   268   269   272   273   276   277   293   294   297   298   301   302   305   318   319   322   323   326   327   330   331   351   352   355   356   360 
 119     0   244   269   273   277   294   298   302   306   310   323   327   331   335   352   356   360 
 120 
 121 
 122 
 123 
 124 
 125 
 126 
 127 
 128    35    36    37    38    39    40    41    42    43    44    47    48    49 
 129    35    40    41    42    43    44    45    46    47    48    49    50    51    52    53    54    55    56    57    58    59    60    61    62    63    64    65    66    67    68    69    70    71    72    73    74    75    76    77    78    79    80    81    82    83    84    88    89   105   106   107   108   109 
 130    65    66    67    68    69    85    86    87    90    91    92    93    94    95    96    97    98    99   100   101   102   103   104   105   106   107   108   109   110   111   112   113   114   115   116   117   118   119   120   121   122   123   124   125   126   127   128   129   130   131   132   133   134   139   140   141   142   143   144   145   146   147   148   149   150   151   152   153   154 
 131   125   126   127   130   131   132   133   134   135   136   137   138   139   150   151   152   153   154   155   156   157   158   159   160   161   162   163   164   165   166   167   168   169   170   171   172   173   174   175   176   177   178   179   180   181   182   183   184   185   186   187   188   189   190   191   192   193   194   199   210   211   212   213   214   216   217   218   219 
 132   165   166   167   168   169   170   171   172   173   174   190   191   192   193   194   195   196   197   198   199   200   201   202   203   204   205   206   207   208   209   215   216   217   218   219   220   221   222   223   224   225   226   227   228   229   233   234   245   246   247   248   249   250   251   252   253   254 
 133   200   201   202   203   204   205   206   207   208   209   225   226   227   228   229   230   231   232   233   234   235   236   237   238   239   250   251   252   253   254   255   256   257   258   259   260   261   262   263   264   280   281   282   283   284   285   286   287   288   289 
 134   205   206   207   208   209   232   233   234   235   236   237   238   239   240   241   242   243   244   259   260   261   262   263   264   265   266   267   268   269   285   286   287   288   289   290   291   292   293   294   295   315   316   317   318   319   320   321   322 
 135   238   239   240   241   242   243   244   264   265   266   267   268   269   270   271   272   273   291   292   293   294   295   296   297   298   299   300   316   317   318   319   320   321   322   323   324   325   326   350   351   352 
 136   242   243   244   268   269   270   271   272   273   274   275   276   293   294   296   297   298   299   300   301   302   305   319   321   322   323   324   325   326   327   330   350   351   352   353   355   356 
 137     0   244   269   272   273   274   275   276   277   294   298   299   301   302   303   305   306   323   324   326   327   328   330   331   335   352   353   355   356   357   360 
 138     0     1     5   244   273   274   277   278   298   299   302   303   306   307   310   324   327   328   331   332   335   336   353   356   357   360   361   365 
 139     1     5   274   278   299   303   307   310   311   324   328   332   336   340   353   357   361   365 
 140 
 141 
 142 
 143 
 144 
 145 
 146 
 147 
 148    37    38    39 
 149    35    36    37    38    39    40    41    42    43    44    45    46    47    48    49    50    51    52    53    54    55    56    57    58    59    60    61    62    63    64    65    66    67    68    69    70    71    72    73    74    75    76    77    78    79    80    81    82    83    84    88    89 
 150    85    86    87    90    91    92    93    94    95    96    97    98    99   100   101   102   103   104   105   106   107   108   109   110   111   112   113   114   115   116   117   118   119   120   121   122   123   124   125   126   127   128   129   130   131   132   133   134   135   136   137   138   139   140   141   142   143   144   145   146   147   148   149   150   151   152   153   154   155   156   157   158   159   160   161   162   163   164   165   166   167   168   169   170   171   172   173   174   178   179 
 151   135   136   137   155   156   157   158   159   160   161   162   163   164   165   166   167   168   169   170   171   172   173   174   175   176   177   178   179   180   181   182   183   184   185   186   187   188   189   190   191   192   193   194   195   196   197   198   199   200   201   202   203   204   205   206   207   208   209   210   211   212   213   214   215   216   217   218   219   220   221   222   223   224   225   226   227   228   229   230   231   232   233   234   238   239   245   246   247   248   249   254 
 152   195   196   200   201   202   203   204   205   206   207   208   209   220   221   222   223   224   225   226   227   228   229   230   231   232   233   234   235   236   237   238   239   240   241   242   243   244   245   246   247   248   249   250   251   252   253   254   255   256   257   258   259   260   261   262   263   264   265   266   267   268   269   280   281   282   283   284   285   286   287   288   289   293   294 
 153   235   236   237   238   239   240   241   242   243   244   255   256   260   261   262   263   264   265   266   267   268   269   270   271   272   273   274   280   281   282   283   284   285   286   287   288   289   290   291   292   293   294   295   296   297   298   299   315   316   317   318   319   320   321   322   323   324 
 154   240   241   242   243   244   265   266   267   268   269   270   271   272   273   274   275   276   277   278   279   290   291   292   293   294   295   296   297   298   299   300   301   302   303   304   315   316   317   318   319   320   321   322   323   324   325   326   327   328   329   350   351   352   353   354 
 155     0   270   271   272   273   274   275   276   277   278   279   297   298   299   300   301   302   303   304   305   306   307   323   324   325   326   327   328   329   330   331   332   333   350   351   352   353   354   355   356   357   358   359 
 156     0     1     2   274   275   276   277   278   279   301   302   303   304   305   306   307   308   310   327   328   329   330   331   332   333   335   336   353   354   355   356   357   358   359   360   361 
 157     0     1     2     5     6   277   278   279   303   304   306   307   308   310   311   329   331   332   333   335   336   337   340   354   357   358   359   360   361   362   365 
 158     1     2     5     6    10   278   279   304   307   308   310   311   312   329   332   333   336   337   340   341   354   358   359   361   362   365   366   370   385 
 159     2     6    10   279   304   308   311   312   329   333   337   340   341   345   354   358   362   366   370   385 
 160 
 161 
 162 
 163 
 164 
 165 
 166 
 167 
 168 
 169    35    36    37    38    39    40    41    42    43    44    45    46    47    48    49    50    51    52    53    54    55    56    57    58    59    60    61    62    63    64    65    66    67    68    69    70    71    72    73    74    75    76    77    78    79    80    81    82    83    84    85    86    88    89    90    91    92    93    94    95    96    97    98    99   100   101   102   103   104 
 170    70    71    72    73    74    75    76    77    78    79    80    81    82    83    84    85    86    87    88    89    90    91    92    93    94    95    96    97    98    99   100   101   102   103   104   105   106   107   108   109   110   111   112   113   114   115   116   117   118   119   120   121   122   123   124   125   126   127   128   129   130   131   132   133   134   135   136   137   138   139   140   141   142   143   144   145   146   147   148   149   150   151   152   153   154   155   156   157   158   159   160   161   162   163   164   165   166   167   168   169   170   171   172   173   174   175   176   177   178   179   180   181   182   183   184   185   186   187   188   189   190   191   192   193   194   195   196   197   198   199   200   201   202   203   204   205   206   207   208   209   210   211   212   213   214   215   216   217   218   219   220   221   222   223   224   225   226   227   228   229   230   231   232   233   234   235   236   237   238   239   240   241   242   243   244 
 171   180   181   182   183   184   185   186   187   188   189   190   191   192   193   194   195   196   197   198   199   200   201   202   203   204   205   206   207   208   209   210   211   212   213   214   215   216   217   218   219   220   221   222   223   224   225   226   227   228   229   230   231   232   233   234   235   236   237   238   239   240   241   242   243   244   245   246   247   248   249   250   251   252   253   254   255   256   257   258   259   260   261   262   263   264   265   266   267   268   269   270   271   272   273   274   275   276   277   278   279   280   281   282   283   284   285   286   287   288   289   290   291   292   293   294   295   296   297   298   299   300   301   302   303   304   305   306   307   308   309 
 172   235   240   241   242   243   244   250   251   255   256   257   258   259   260   261   262   263   264   265   266   267   268   269   270   271   272   273   274   275   276   277   278   279   280   281   282   283   284   285   286   287   288   289   290   291   292   293   294   295   296   297   298   299   300   301   302   303   304   305   306   307   308   309   310   311   312   313   314   315   316   317   318   319   320   321   322   323   324   325   326   327   328   329   330   331   332   333   334   352   353   354 
 173   270   271   272   273   275   276   277   278   279   290   295   296   297   298   299   300   301   302   303   304   305   306   307   308   309   310   311   312   313   314   315   316   317   318   319   320   321   322   323   324   325   326   327   328   329   330   331   332   333   334   335   336   337   338   339   350   351   352   353   354   355   356   357   358   359   362   363   364 
 174     0     1     2     3     4   275   276   277   278   279   300   301   302   303   304   305   306   307   308   309   310   311   312   313   314   325   326   327   328   329   330   331   332   333   334   335   336   337   338   339   350   351   352   353   354   355   356   357   358   359   360   361   362   363   364 
 175     0     1     2     3     4     5     6     7     8     9   305   306   307   308   309   310   311   312   313   314   330   331   332   333   334   335   336   337   338   339   340   341   356   357   358   359   360   361   362   363   364   365   366   367 
 176     2     3     4     5     6     7     8     9    10   308   309   310   311   312   313   314   334   335   336   337   338   339   340   341   342   360   361   362   363   364   365   366   367   385   386 
 177     3     4     6     7     8    10    11   309   311   312   313   314   334   337   338   339   340   341   342   345   362   363   364   365   366   367   370   371   385   386 
 178     3     4     7     8    10    11    15   309   312   313   314   334   338   339   341   342   345   346   363   364   366   367   370   371   375   385   386   390 
 179     3     4     7     8    11    15   309   313   334   338   339   342   345   346   359   363   364   367   371   375   386   387   390 
 180 
 181 
 182 
 183 
 184 
 185 
 186 
 187 
 188 
 189    35    36    37    38    39    40    41    42    43    44    45    46    47    48    49    50    51    52    53    54    55    56    57    58    59    60    61    62    63    64    65    66    67    68    69    85    86    90    91    92    93    94    95    96    97    98    99   100   101   102   103   104 
 190    15    16    20    21    22    23    24    25    26    27    28    29    30    31    32    33    34    70    71    72    73    74    75    76    77    78    79    80    81    82    83    84    87    88    89   105   106   107   108   109   110   111   112   113   114   115   116   117   118   119   120   121   122   123   124   125   126   127   128   129   130   131   132   133   134   135   136   137   138   139   140   141   142   143   144   145   146   147   148   149   150   151   152   153   154   155   156   157   158   159   160   161   162   163   164   165   166   167   168   169   170   171   172   173   174   175   176   177   178   179   180   181   182   183   184   185   186   187   188   189   190   191   192   193   194   195   196   197   198   199   200   201   202   203   204   205   206   207   208   209   210   211   212   213   214   215   216   217   218   219   220   221   222   223   224   225   226   227   228   229   230   231   232   233   234   235   236   237   238   239   240   241   242   243   244   245   246   247   248   249   250   251   252   253   254   255   256   257   258   259   260   261   262   263   264   265   266   267   268   269   270   271   272   273   274   275   276   277   278   279   280   281   282   283   284   285   286   287   288   289   290   291   292   293   294   295   296   297   298   299   300   301   302   303   304   305   306   307   308   309   310   311   312   313   314   315   316   317   318   319   320   321   322   323   324   325   326   327   328   329   330   331   332   333   334   335   336   337   338   339   340   341   342   343   344   345   346   347   348   349   350   351   352   353   354   355   356   357   358   359   360   361   362   363   364   365   366   367   368   369   370   371   372   373   374   375   376   377   378   379   380   381   382   383   384 
 191     0     1     2     3     4     5     6     7     8     9    10    11    12    13    14    15    16    18    19    20    21    22    23    24    25    26    27    28    29    30    31    32    33    34   245   246   247   248   249   250   251   252   253   254   255   256   257   258   259   260   261   262   263   264   265   266   267   268   269   270   271   272   273   274   275   276   277   278   279   280   281   282   283   284   285   286   287   288   289   290   291   292   293   294   295   296   297   298   299   300   301   302   303   304   305   306   307   308   309   310   311   312   313   314   315   316   317   318   319   320   321   322   323   324   325   326   327   328   329   330   331   332   333   334   335   336   337   338   339   340   341   342   343   344   345   346   347   348   349   350   351   352   353   354   355   356   357   358   359   360   361   362   363   364   365   366   367   368   369   370   371   372   373   374   375   376   377   378   379   380   381   382   383   384 
 192     0     1     2     3     4     5     6     7     8     9    10    11    12    13    14    18    19   310   311   315   316   317   318   319   320   321   322   323   324   325   326   327   328   329   330   331   332   333   334   335   336   337   338   339   340   341   342   343   344   345   346   347   348   349   350   351   352   353   354   355   356   357   358   359   360   361   362   363   364   365   366   367   368   369   370   371   372   373   374   375   376   377   378   379   380   381   382   383   384 
 193     0     1     2     3     4     5     6     7     8     9    10    11    12    13    14    18    19   335   336   337   338   339   340   341   342   343   344   345   346   347   348   349   350   355   356   357   358   359   360   361   362   363   364   365   366   367   368   369   370   371   372   373   374   375   376   377   378   379   380   381   382   383   384   385   386   387   388   389 
 194     0     1     2     3     5     6     7     8     9    10    11    12    13    14    18    19   340   341   342   343   344   345   346   347   348   349   360   365   366   367   368   369   370   371   372   373   374   375   376   377   378   379   385   386   387   388   389   390   391   392   393   394 
 195     5     6     7     8     9    10    11    12    13    14    15    16   340   341   342   343   344   345   346   347   348   349   365   366   367   368   369   370   371   372   373   374   375   385   386   387   388   389   390   391   392   393   394 
 196     9    10    11    12    13    14    15    16   342   343   344   345   346   347   348   349   368   369   370   371   372   373   374   375   376   385   386   387   388   389   390   391   392   393   420 
 197     9    11    12    13    14    15    16    20   343   344   345   346   347   348   368   369   371   372   373   374   375   376   387   388   389   390   391   392   395   420 
 198     9    12    13    15    16    20   314   343   344   346   347   348   368   369   372   373   375   376   380   387   388   389   391   392   395   420   421 
 199     8     9    12    13    16    20   314   339   343   344   347   364   368   369   372   373   376   380   387   388   391   392   395   396   420   421   425 
 200 
 201 
 202 
 203 
 204 
 205 
 206 
 207 
 208 
 209   665   666   667   668   669   670   671   672   673   674   675   676   677   678   679   683   684   700   701   702   703   704   705   706   707   708   709   710   711   712   713   714   715   716   717   718   719   720   721   722   723   724   725   726   727   728   729   730   731   732   733   734 
 210     0     1     2     3     4     5     6     7     8     9    10    11    12    13    14    15    16    17    18    19    20    21    22    23    24    25    26    27    28    29    30    31    32    33    34   385   386   387   388   389   390   391   392   393   394   395   396   397   398   399   400   401   402   403   404   405   406   407   408   409   410   411   412   413   414   415   416   417   418   419   420   421   422   423   424   425   426   427   428   429   430   431   432   433   434   435   436   437   438   439   440   441   442   443   444   445   446   447   448   449   450   451   452   453   454   455   456   457   458   459   460   461   462   463   464   465   466   467   468   469   470   471   472   473   474   475   476   477   478   479   480   481   482   483   484   485   486   487   488   489   490   491   492   493   494   495   496   497   498   499   500   501   502   503   504   505   506   507   508   509   510   511   512   513   514   515   516   517   518   519   520   521   522   523   524   525   526   527   528   529   530   531   532   533   534   535   536   537   538   539   540   541   542   543   544   545   546   547   548   549   550   551   552   553   554   555   556   557   558   559   560   561   562   563   564   565   566   567   568   569   570   571   572   573   574   575   576   577   578   579   580   581   582   583   584   585   586   587   588   589   590   591   592   593   594   595   596   597   598   599   600   601   602   603   604   605   606   607   608   609   610   611   612   613   614   615   616   617   618   619   620   621   622   623   624   625   626   627   628   629   630   631   632   633   634   635   636   637   638   639   640   641   642   643   644   645   646   647   648   649   650   651   652   653   654   655   656   657   658   659   660   661   662   663   664   680   681   682   685   686   687   688   689   690   691   692   693   694   695   696   697   698   699 
 211     0     1     2     3     4     5     6     7     8     9    10    11    12    13    14    15    16    17    18    19    20    21    22    23    24    25    26    27    28    29    30    31    32    33    34   385   386   387   388   389   390   391   392   393   394   395   396   397   398   399   400   401   402   403   404   405   406   407   408   409   410   411   412   413   414   415   416   417   418   419   420   421   422   423   424   425   426   427   428   429   430   431   432   433   434   435   436   437   438   439   440   441   442   443   444   445   446   447   448   449   450   451   452   453   454   455   456   457   458   459   460   461   462   463   464   465   466   467   468   469   470   471   472   473   474   475   476   477   478   479   480   481   482   483   484   485   486   487   488   489   490   491   492   493   494   495   496   497   498   499   500   501   502   503   504   505   506   507   508   509   510   511   512   513   514   515   516   517   518   519   520   521   522   523   524 
 212    15    16    17    20    21    22    23    24    25    26    27    28    29    30    31    32    33    34   385   386   387   388   389   390   391   392   393   394   395   396   397   398   399   400   401   402   403   404   405   406   407   408   409   410   411   412   413   414   415   416   417   418   419   420   421   422   423   424   425   426   427   428   429   430   431   432   433   434   435   436   437   438   439   440   441   442   443   444   445   446   447   448   449   450   451   452   453   454   458   459 
 213    15    16    17    20    21    22    23    24    25    26    27    28    29    30    31    32    33    34   380   381   382   383   384   385   386   387   388   389   390   391   392   393   394   395   396   397   398   399   400   401   402   403   404   405   406   407   408   409   410   411   412   413   414   419   420   421   422   423   424   425   426   427   428   429   430   431   432   433   434 
 214    15    16    17    20    21    22    23    24    25    26    27    28    29    31    32    33    34   375   376   377   378   379   380   381   382   383   384   390   391   392   393   394   395   396   397   398   399   400   401   402   403   404   409   420   421   422   423   424   425   426   427   428   429 
 215    17    18    19    20    21    22    23    24    25    26    27    28    29   375   376   377   378   379   380   381   382   383   384   394   395   396   397   398   399   400   401   402   403   404   420   421   422   423   424   425   426   427   428   429 
 216    17    18    19    20    21    22    23    24    25   349   376   377   378   379   380   381   382   383   384   393   394   395   396   397   398   399   400   401   420   421   422   423   424   425   426   427 
 217    14    17    18    19    20    21    22    23    25   349   374   377   378   379   380   381   382   393   394   395   396   397   398   400   401   421   422   423   424   425   426 
 218    14    17    18    19    21    22    25   348   349   374   377   378   380   381   382   389   393   394   396   397   400   401   421   422   423   425   426   455 
 219    14    17    18    21    22    25    26   344   348   349   373   374   377   378   381   382   389   393   396   397   400   401   405   422   425   426   430   455 
 220    17 
 221 
 222 
 223 
 224 
 225 
 226 
 227 
 228 
 229   665   666   667   668   669   670   671   672   673   674   675   676   677   678   679   680   681   683   684   685   686   687   688   689   690   691   692   693   694   695   696   697   698   699   700   701   702   703   704   705   706   707   708   709   710   711   712   713   714   715   716   717   718   719   720   721   722   723   724   725   726   727   728   729   730   731   732   733   734 
 230   525   526   527   528   529   530   531   532   533   534   535   536   537   538   539   540   541   542   543   544   545   546   547   548   549   550   551   552   553   554   555   556   557   558   559   560   561   562   563   564   565   566   567   568   569   570   571   572   573   574   575   576   577   578   579   580   581   582   583   584   585   586   587   588   589   590   591   592   593   594   595   596   597   598   599   600   601   602   603   604   605   606   607   608   609   610   611   612   613   614   615   616   617   618   619   620   621   622   623   624   625   626   627   628   629   630   631   632   633   634   635   636   637   638   639   640   641   642   643   644   645   646   647   648   649   650   651   652   653   654   655   656   657   658   659   660   661   662   663   664   665   666   667   668   669   670   671   672   673   674   675   676   677   678   679   680   681   682   683   684   685   686   687   688   689   690   691   692   693   694   695   696   697   698   699 
 231   460   461   462   463   464   465   466   467   468   469   470   471   472   473   474   475   476   477   478   479   480   481   482   483   484   485   486   487   488   489   490   491   492   493   494   495   496   497   498   499   500   501   502   503   504   505   506   507   508   509   510   511   512   513   514   515   516   517   518   519   520   521   522   523   524   525   526   527   528   529   530   531   532   533   534   535   536   537   538   539   540   541   542   543   544   545   546   547   548   549   550   551   552   553   554   555   556   557   558   559   560   561   562   563   564   565   566   567   568   569   570   571   572   573   574   575   576   577   578   579   580   581   582   583   584   585   586   587   588   589 
 232   415   416   417   435   436   437   438   439   440   441   442   443   444   445   446   447   448   449   450   451   452   453   454   455   456   457   458   459   460   461   462   463   464   465   466   467   468   469   470   471   472   473   474   475   476   477   478   479   480   481   482   483   484   485   486   487   488   489   490   491   492   493   494   495   496   497   498   499   500   501   502   503   504   505   506   507   508   509   510   511   512   513   514   518   519   525   526   527   528   529   534 
 233   405   406   407   410   411   412   413   414   415   416   417   418   419   430   431   432   433   434   435   436   437   438   439   440   441   442   443   444   445   446   447   448   449   450   451   452   453   454   455   456   457   458   459   460   461   462   463   464   465   466   467   468   469   470   471   472   473   474   479   490   491   492   493   494   496   497   498   499 
 234    30    31    32    33    34   405   406   407   408   409   410   411   412   413   414   415   416   417   418   419   430   431   432   433   434   435   436   437   438   439   440   441   442   443   444   455   456   457   458   459   460   461   462   463   464   465   466   467   468   469   490   491   492   493   494 
 235    25    26    27    28    29    30    31    32    33    34   402   403   404   405   406   407   408   409   410   411   412   413   428   429   430   431   432   433   434   435   436   437   438   439   455   456   457   458   459   460   461   462   463   464 
 236    24    25    26    27    28    29    30    31    32   383   384   402   403   404   405   406   407   408   409   427   428   429   430   431   432   433   434   435   455   456   457   458   459   460   461 
 237    23    24    26    27    28    30    31   383   384   398   399   402   403   404   405   406   407   424   427   428   429   430   431   432   435   455   456   457   458   460 
 238    19    23    24    26    27    30    31   379   383   384   394   398   399   402   403   405   406   423   424   427   428   430   431   435   455   456   457   460 
 239    19    23    26    27    30    31   379   382   383   394   398   402   405   406   410   423   424   427   430   431   435   456   460 
 240 
 241 
 242 
 243 
 244 
 245 
 246 
 247 
 248   730   731   732 
 249   680   681   685   686   687   688   689   690   691   692   693   694   695   696   697   698   699   700   701   702   703   704   705   706   707   708   709   710   711   712   713   714   715   716   717   718   719   720   721   722   723   724   725   726   727   728   729   730   731   732   733   734 
 250   590   591   595   596   597   598   599   600   601   602   603   604   605   606   607   608   609   610   611   612   613   614   615   616   617   618   619   620   621   622   623   624   625   626   627   628   629   630   631   632   633   634   635   636   637   638   639   640   641   642   643   644   645   646   647   648   649   650   651   652   653   654   655   656   657   658   659   660   661   662   663   664   665   666   667   668   669   670   671   672   673   674   675   676   677   678   679   682   683   684 
 251   515   520   521   522   523   524   530   531   535   536   537   538   539   540   541   542   543   544   545   546   547   548   549   550   551   552   553   554   555   556   557   558   559   560   561   562   563   564   565   566   567   568   569   570   571   572   573   574   575   576   577   578   579   580   581   582   583   584   585   586   587   588   589   590   591   592   593   594   595   596   597   598   599   600   601   602   603   604   605   606   607   608   609   610   611   612   613   614   632   633   634 
 252   475   476   480   481   482   483   484   485   486   487   488   489   500   501   502   503   504   505   506   507   508   509   510   511   512   513   514   515   516   517   518   519   520   521   522   523   524   525   526   527   528   529   530   531   532   533   534   535   536   537   538   539   540   541   542   543   544   545   546   547   548   549   560   561   562   563   564   565   566   567   568   569   573   574 
 253   445   446   447   448   449   450   451   452   453   454   470   471   472   473   474   475   476   477   478   479   480   481   482   483   484   485   486   487   488   489   495   496   497   498   499   500   501   502   503   504   505   506   507   508   509   513   514   525   526   527   528   529   530   531   532   533   534 
 254   415   416   417   418   419   440   441   442   443   444   445   446   447   448   449   450   451   452   453   454   465   466   467   468   469   470   471   472   473   474   475   476   477   478   479   490   491   492   493   494   495   496   497   498   499   500   501   502   503   504   525   526   527   528   529 
 255    34   410   411   412   413   414   415   416   417   418   419   436   437   438   439   440   441   442   443   444   445   446   462   463   464   465   466   467   468   469   470   471   472   490   491   492   493   494   495   496   497   498   499 
 256    32    33    34   408   409   410   411   412   413   414   415   416   433   434   436   437   438   439   440   441   442   459   461   462   463   464   465   466   467   468   490   491   492   493   494   495 
 257    28    29    32    33    34   404   407   408   409   410   411   412   415   429   432   433   434   436   437   438   440   458   459   461   462   463   465   466   490   491   492 
 258    24    28    29    32    33   384   399   403   404   407   408   410   411   415   428   429   432   433   436   437   440   457   458   459   461   462   465   490   491 
 259    24    28    32   384   399   403   407   411   415   424   428   429   432   436   440   457   458   461   465   490 
 260 
 261 
 262 
 263 
 264 
 265 
 266 
 267 
 268   720   721   722   725   726   727   728   729   730   731   732   733   734 
 269   660   661   662   663   664   680   681   685   686   687   688   689   690   691   692   693   694   695   696   697   698   699   700   701   702   703   704   705   706   707   708   709   710   711   712   713   714   715   716   717   718   719   720   721   722   723   724   725   726   727   728   729   734 
 270   615   616   617   618   619   620   621   622   623   624   625   626   627   628   629   630   635   636   637   638   639   640   641   642   643   644   645   646   647   648   649   650   651   652   653   654   655   656   657   658   659   660   661   662   663   664   665   666   667   668   669   670   671   672   673   674   675   676   677   678   679   682   683   684   700   701   702   703   704 
 271   550   551   552   553   555   556   557   558   559   570   575   576   577   578   579   580   581   582   583   584   585   586   587   588   589   590   591   592   593   594   595   596   597   598   599   600   601   602   603   604   605   606   607   608   609   610   611   612   613   614   615   616   617   618   619   630   631   632   633   634   635   636   637   638   639   642   643   644 
 272   515   516   517   518   519   520   521   522   523   524   535   536   540   541   542   543   544   545   546   547   548   549   550   551   552   553   554   560   561   562   563   564   565   566   567   568   569   570   571   572   573   574   575   576   577   578   579   595   596   597   598   599   600   601   602   603   604 
 273   480   481   482   483   484   485   486   487   488   489   505   506   507   508   509   510   511   512   513   514   515   516   517   518   519   530   531   532   533   534   535   536   537   538   539   540   541   542   543   544   560   561   562   563   564   565   566   567   568   569 
 274   447   448   449   450   451   452   453   454   474   475   476   477   478   479   480   481   482   483   484   500   501   502   503   504   505   506   507   508   509   510   525   526   527   528   529   530   531   532   533   534   535   536   537   560   561   562   563   564 
 275   417   418   419   443   444   445   446   447   448   449   450   451   452   453   469   470   471   472   473   474   475   476   477   478   496   497   498   499   500   501   502   503   504   505   525   526   527   528   529   530   531 
 276   413   414   416   417   418   419   439   442   443   444   445   446   447   448   450   464   467   468   469   470   471   472   473   475   476   493   494   495   496   497   498   499   500   501   525   526   527 
 277    34   409   412   413   414   416   417   434   438   439   441   442   443   445   446   463   464   466   467   468   470   471   475   492   493   494   495   496   497   500   525 
 278    29    33    34   404   408   409   412   413   416   433   434   437   438   441   442   445   459   462   463   466   467   470   471   491   492   495   496   525 
 279    29    33   404   408   412   416   429   433   437   441   445   458   459   462   466   470   491   495 
 280 
 281 
 282 
 283 
 284 
 285 
 286 
 287   730   731   732   733   734 
 288   695   696   697   698   699   720   721   722   723   724   725   726   727   728   729   730   731   732   733   734 
 289   655   656   657   658   659   660   661   662   663   664   680   681   685   686   687   688   689   690   691   692   693   694   696   697   698   699   705   706   707   708   709   710   711   712   713   714   715   716   717   718   719   724 
 290   620   621   622   623   624   625   626   627   628   629   640   645   646   647   648   649   650   651   652   653   654   655   656   657   658   659   665   666   667   668   670   671   672   673   674   675   676   677   678   679   682   683   684   700   701   702   703   704   705   706   707   708   709 
 291   555   556   557   558   559   580   581   582   583   584   585   586   587   588   589   590   591   592   593   594   605   606   607   608   609   610   611   612   613   614   615   616   617   618   619   630   631   632   633   634   635   636   637   638   639   640   641   642   643   644   665   666   667   668   669 
 292   520   521   522   523   524   545   546   547   548   549   550   551   552   553   554   555   556   557   558   559   570   571   572   573   574   575   576   577   578   579   580   581   582   583   584   595   596   597   598   599   600   601   602   603   604   605   606   607   608   609   630   631   632   633   634 
 293   485   486   487   488   489   512   513   514   515   516   517   518   519   520   521   522   523   524   539   540   541   542   543   544   545   546   547   548   549   565   566   567   568   569   570   571   572   573   574   575   595   596   597   598   599   600   601   602 
 294   454   480   481   482   483   484   485   486   487   488   489   507   508   509   510   511   512   513   514   515   516   533   534   535   536   537   538   539   540   541   542   560   561   562   563   564   565   566   567   568   569   595 
 295   449   451   452   453   454   474   477   478   479   480   481   482   483   485   502   503   504   505   506   507   508   509   510   511   528   529   530   531   532   533   534   535   536   537   560   561   562   563   565 
 296   419   444   447   448   449   450   451   452   469   472   473   474   476   477   478   480   481   498   499   501   502   503   505   506   526   527   528   529   530   531   532   535   560 
 297   414   418   419   439   443   444   446   447   448   450   451   464   468   469   472   473   475   476   477   480   493   494   497   498   500   501   502   505   526   527   530 
 298    34   409   413   414   417   418   438   439   442   443   446   447   450   451   464   467   468   471   472   475   476   492   493   496   497   500   501   505   525   526   530 
 299    34   409   413   417   434   438   442   446   459   463   467   471   475   492   496   500   525 
 300 
 301 
 302 
 303 
 304 
 305 
 306   732   733   734 
 307   699   725   726   727   728   729   730   731   732   733   734 
 308   690   691   692   693   694   695   696   697   698   699   717   718   719   720   721   722   723   724   725   726   727   728 
 309   655   656   657   658   659   660   661   662   663   664   683   684   685   686   687   688   689   690   691   692   693   694   709   710   711   712   713   714   715   716   717   718   719 
 310   620   621   622   623   624   625   626   627   628   629   645   646   647   648   649   650   651   652   653   654   655   670   671   672   673   674   675   676   677   678   679   680   681   682   700   701   702   703   704   705   706   707   708   709 
 311   585   586   587   588   589   590   591   592   593   594   610   611   612   613   614   615   616   617   618   619   620   621   636   637   638   639   640   641   642   643   644   645   646   647   665   666   667   668   669   670   671   672   673   674 
 312   550   551   552   553   554   555   556   557   558   559   577   578   579   580   581   582   583   584   585   586   587   603   604   605   606   607   608   609   610   611   612   613   630   631   632   633   634   635   636   637   638   639   665 
 313   518   519   520   521   522   523   524   544   545   546   547   548   549   550   551   552   553   571   572   573   574   575   576   577   578   579   580   596   597   598   599   600   601   602   603   604   605   606   630   631   632 
 314   484   486   487   488   489   512   513   514   515   516   517   518   519   520   521   538   539   540   541   542   543   544   545   546   547   564   566   567   568   569   570   571   572   575   595   596   597   598   600 
 315   454   479   482   483   484   485   486   487   488   507   508   509   510   511   512   513   515   516   533   534   536   537   538   539   540   541   542   561   562   563   564   565   566   567   570   595 
 316   449   452   453   454   474   478   479   481   482   483   485   486   499   503   504   506   507   508   510   511   515   528   529   532   533   535   536   537   540   560   561   562   565 
 317   419   444   448   449   452   453   469   473   474   477   478   480   481   485   494   498   499   502   503   506   507   510   527   528   531   532   535   560   561 
 318   414   418   419   443   444   447   448   451   452   469   472   473   476   477   480   481   485   494   498   502   505   506   510   527   531   535   560 
 319 
 320 
 321 
 322 
 323 
 324 
 325   734 
 326   728   729   731   732   733   734 
 327   697   698   699   723   724   725   726   727   728   729   730   731 
 328   663   664   689   690   691   692   693   694   695   696   697   717   718   719   720   721   722   723   724 
 329   629   656   657   658   659   660   661   662   663   664   683   684   685   686   687   688   689   690   708   709   710   711   712   713   714   715   716 
 330   622   623   624   625   626   627   628   629   648   649   650   651   652   653   654   655   656   674   675   676   677   678   679   680   681   682   700   701   702   703   704   705   706   707   708 
 331   588   589   590   591   592   593   594   614   615   616   617   618   619   620   621   622   640   641   642   643   644   645   646   647   667   668   669   670   671   672   673   674   675   700   701 
 332   554   555   556   557   558   559   581   582   583   584   585   586   587   588   590   607   608   609   610   611   612   613   615   616   633   634   635   636   637   638   639   640   641   665   666   667 
 333   522   523   524   548   549   550   551   552   553   554   555   556   573   574   576   577   578   579   580   581   582   585   599   601   602   603   604   605   606   607   610   630   631   632   633   635   636 
 334   489   514   517   518   519   520   521   522   523   543   544   546   547   548   550   551   568   569   571   572   573   575   576   577   580   597   598   599   600   601   602   605   630 
 335   484   487   488   489   509   512   513   514   516   517   520   521   534   538   539   541   542   543   545   546   550   563   564   566   567   568   570   571   575   595   596   597   600 
 336   454   479   482   483   484   486   487   504   508   509   511   512   515   516   520   529   533   534   537   538   540   541   545   562   563   565   566   567   570   595 
 337   449   453   474   478   479   482   486   499   503   504   507   508   511   515   528   529   532   533   536   537   540   561   562   565   566   595 
 338 
 339 
 340 
 341 
 342 
 343 
 344   734 
 345   729   733   734 
 346   699   724   727   728   729   731   732 
 347   693   694   697   698   699   719   722   723   724   725   726   727   730 
 348   663   664   688   689   691   692   693   695   696   713   714   717   718   719   720   721   722 
 349   629   654   657   658   659   660   661   662   679   683   684   685   686   687   688   690   708   709   710   711   712   713   715   716 
 350   623   624   625   626   627   628   648   649   651   652   653   654   655   656   674   676   677   678   679   680   681   682   685   702   703   704   705   706   707   710 
 351   589   591   592   593   594   614   617   618   619   620   621   622   625   642   643   644   645   646   647   650   651   668   669   671   672   673   675   676   700   701 
 352   557   558   559   583   584   586   587   588   590   591   609   611   612   613   615   616   617   620   634   637   638   639   640   641   642   645   665   666   667   670   671 
 353   524   549   552   553   554   555   556   557   574   578   579   581   582   583   585   586   603   604   606   607   608   610   611   615   632   633   635   636   637   640   665 
 354   519   522   523   544   547   548   549   551   552   555   556   569   572   573   574   576   577   580   581   585   598   599   601   602   603   605   606   610   630   631   635 
 355   488   489   514   517   518   521   522   539   542   543   546   547   550   551   555   564   568   569   571   572   575   576   580   596   597   600   601   605   630 
 356   454   483   484   487   488   509   512   513   516   517   520   521   534   538   541   542   545   546   550   563   567   570   571   575   596   600 
 357   454   479   483   508   512   537   541   566   570   595 
 358 
 359 
 360 
 361 
 362 
 363 
 364   729   733   734 
 365   699   724   728   729   732   733 
 366   694   698   699   719   723   724   727   728   731 
 367   664   689   693   694   697   698   714   718   719   722   723   725   726   730 
 368   659   663   664   684   688   689   691   692   695   696   709   713   714   717   718   720   721 
 369   628   629   654   657   658   660   661   662   679   683   684   686   687   690   704   708   709   711   712   715   716 
 370   594   623   624   626   627   628   648   649   652   653   655   656   660   674   677   678   680   681   682   685   702   703   704   706   707   710 
 371   589   592   593   594   614   618   619   621   622   625   626   643   644   646   647   650   651   655   668   669   672   673   675   676   680   700   701   705 
 372   558   559   584   587   588   590   591   592   609   612   613   616   617   620   621   634   638   639   641   642   645   646   650   666   667   670   671   675   700 
 373   524   553   554   557   558   578   579   582   583   586   587   590   604   607   608   611   612   615   616   633   636   637   640   641   645   665   666   670 
 374   519   523   524   544   548   549   552   553   556   557   573   574   577   578   581   582   585   598   599   602   603   606   607   610   611   631   632   635   636   640   665 
 375   489   514   518   522   539   543   544   547   551   555   564   568   569   572   573   576   577   580   597   598   601   602   605   606   630   631   635 
 376 
 377 
 378 
 379 
 380 
 381 
 382 
 383 
 384 
 385   699   724   728   732 
 386   694   698   719   723   727   731 
 387   664   689   693   697   714   718   722   726   730 
 388   659   662   663   684   688   691   692   695   696   709   713   717   720   721   725 
 389   624   628   629   653   654   657   658   661   662   679   683   686   687   690   691   704   708   711   712   715   716   720 
 390   594   619   623   624   627   644   648   649   652   653   656   660   673   674   677   678   681   682   685   702   703   706   707   710   711 
 391   589   593   614   618   619   622   625   626   639   643   644   647   651   655   668   669   672   673   676   680   701   702   705 
 392   559   584   588   591   592   609   613   617   620   621   625   634   638   642   646   650   667   671   675   700 
 393   554   558   579   583   587   590   591   604   608   612   616   620   633   637   641   645   666   670 
 394   524   549   553   557   574   578   582   586   590   603   607   611   615   632   636   640   665 
 395 
 396 
 397 
 398 
 399 
