     1		 246   621 	  2 23 
     2		 246   649 	  1 3 
     3		 246   678 	  2 4 
     4		 246   707 	  3 5 
     5		 246   735 	  4 6 
     6		 246   764 	  5 7 
     7		 246   793 	  6 8 
     8		 246   822 	  7 9 
     9		 246   850 	  8 10 
    10		 246   879 	  9 11 
    11		 246   908 	  10 12 
    12		 246   936 	  11 13 
    13		 246   966 	  12 14 
    14		 246   995 	  13 15 
    15		 246  1024 	  14 16 
    16		 246  1053 	  15 17 
    17		 246  1082 	  16 18 
    18		 246  1111 	  17 19 
    19		 246  1140 	  18 20 
    20		 246  1168 	  19 24 
    21		 247   535 	  22 30 
    22		 247   563 	  21 23 
    23		 247   592 	  22 1
    24		 247  1197 	  20 25 
    25		 247  1225 	  24 26 
    26		 247  1254 	  25 27 
    27		 247  1282 	  26 31 
    28		 248   449 	  29 37 
    29		 248   478 	  28 30 
    30		 248   507 	  21 29 
    31		 248  1311 	  27 32 
    32		 248  1340 	  31 33 
    33		 248  1369 	  32 34 
    34		 248  1398 	  33 38 
    35		 249   362 	  36 44 
    36		 249   391 	  35 37 
    37		 249   420 	  28 36 
    38		 249  1426 	  34 39 
    39		 249  1456 	  38 40 
    40		 249  1484 	  39 41 
    41		 249  1513 	  40 45 
    42		 250   275 	  43 49 
    43		 250   304 	  42 44 
    44		 250   333 	  35 43 
    45		 250  1542 	  41 46 
    46		 250  1571 	  45 47 
    47		 250  1600 	  46 50 
    48		 251   218 	  49 54 
    49		 251   247 	  42 48 
    50		 251  1629 	  47 51 
    51		 251  1657 	  50 52 
    52		 251  1686 	  51 55 
    53		 252   170 	  54 58 
    54		 252   190 	  48 53 75 
    55		 252  1714 	  52 56 
    56		 252  1743 	  55 57 
    57		 252  1772 	  56 59 
    58		 253   149 	  53 74 
    59		 253  1801 	  57 60 
    60		 253  1829 	  59 61 
    61		 253  1859 	  60 62 
    62		 254  1887 	  61 63 
    63		 254  1916 	  62 64 
    64		 254  1945 	  63 65 
    65		 255  1974 	  64 66 
    66		 255  2002 	  65 67 
    67		 257  2031 	  66 68 
    68		 259  2061 	  67 69 
    69		 263  2090 	  68 70 
    70		 267  2119 	  69 71 
    71		 271  2148 	  70 72 
    72		 275  2177 	  71 73 
    73		 279  2206 	  72 76 
    74		 281   149 	  58 78 
    75		 281   190 	  54 79 
    76		 285  2234 	  73 77 
    77		 290  2263 	  76 
    78		 310   149 	  74 80 
    79		 311   190 	  75 81 
    80		 340   149 	  78 82 
    81		 340   191 	  79 83 
    82		 369   149 	  80 84 
    83		 370   191 	  81 85 
    84		 398   150 	  82 86
    85		 399   191 	  83 88 
    86		 417   150 	  84 87 
    87		 418   170 	  86 88 89 
    88		 419   191 	  85 87 
    89		 440   171 	  87
