     1		 191    13 	  2 
     2		 194    41 	  1 3 
     3		 198    71 	  2 4 
     4		 201    99 	  3 5 
     5		 205   129 	  4 6 
     6		 211   158 	  5 7 
     7		 216   187 	  6 8 
     8		 221   216 	  7 9 
     9		 227   245 	  8 10 
    10		 233   274 	  9 11 
    11		 239   303 	  10 12 
    12		 246   332 	  11 13 
    13		 252   360 	  12 14 
    14		 258   388 	  13 15 
    15		 262   417 	  14 20 
    16		 262  2541 	  18 
    17		 263  2480 	  18 19 
    18		 263  2509 	  16 17 
    19		 264  2452 	  17 21 
    20		 265   445 	  15 26 
    21		 265  2423 	  19 22 
    22		 266  2395 	  21 24 
    23		 267  2339 	  24 25 
    24		 267  2367 	  22 23 
    25		 268  2310 	  23 27 
    26		 269   474 	  20 32 
    27		 269  2282 	  25 28 
    28		 270  2254 	  27 30 
    29		 271  2197 	  30 31 
    30		 271  2225 	  28 29 
    31		 272  2169 	  29 33 
    32		 273   502 	  26 36 
    33		 273  2141 	  31 34 
    34		 274  2113 	  33 35 
    35		 275  2085 	  34 37 
    36		 277   531 	  32 38 
    37		 277  2057 	  35 39 
    38		 280   559 	  36 40 
    39		 280  2029 	  37 41 
    40		 283   587 	  38 42 
    41		 284  2000 	  39 43 
    42		 286   618 	  40 47 
    43		 287  1971 	  41 44 
    44		 290  1943 	  43 45 
    45		 293  1915 	  44 46 
    46		 296  1887 	  45 48 
    47		 298   647 	  42 52 
    48		 299  1858 	  46 49 
    49		 303  1830 	  48 50 
    50		 306  1801 	  49 51 
    51		 309  1773 	  50 53 
    52		 311   676 	  47 57 
    53		 312  1744 	  51 54 
    54		 315  1716 	  53 55 
    55		 318  1688 	  54 56 
    56		 322  1659 	  55 58 
    57		 323   704 	  52 68 
    58		 325  1631 	  56 60 
    59		 328  1574 	  60 62 
    60		 328  1602 	  58 59 
    61		 329  1517 	  62 64 
    62		 329  1546 	  59 61 
    63		 330  1461 	  64 67 
    64		 330  1489 	  61 63 
    65		 331  1376 	  66 70 
    66		 331  1404 	  65 67 
    67		 331  1433 	  63 66 
    68		 332   725 	  57 71 
    69		 332  1319 	  70 77 
    70		 332  1348 	  65 69 
    71		 333   753 	  68 72 
    72		 333   782 	  71 73 
    73		 333   810 	  72 74 
    74		 333   839 	  73 78 
    75		 333  1235 	  76 90 
    76		 333  1263 	  75 77 
    77		 333  1291 	  69 76 
    78		 334   867 	  74 79 
    79		 334   896 	  78 80 
    80		 334   924 	  79 81 
    81		 334   953 	  80 82 
    82		 334   981 	  81 83 
    83		 334  1010 	  82 84 
    84		 334  1038 	  83 85 
    85		 334  1067 	  84 86 
    86		 334  1095 	  85 87 
    87		 334  1123 	  86 88 
    88		 334  1151 	  87 89 
    89		 334  1179 	  88 90 
    90		 334  1207 	  75 89 
