     1		 275  2645 	  2 
     2		 278  2616 	  1 3 
     3		 280  2588 	  2 4 
     4		 282  2559 	  3 5 
     5		 285  2531 	  4 6 
     6		 287  2502 	  5 7 
     7		 289  2474 	  6 8 
     8		 291  2446 	  7 9 
     9		 293  2417 	  8 10 
    10		 295  2389 	  9 11 
    11		 297  2361 	  10 12 
    12		 299  2333 	  11 13 
    13		 300  2304 	  12 14 
    14		 302  2275 	  13 15 
    15		 304  2247 	  14 16 
    16		 306  2218 	  15 17 
    17		 308  2190 	  16 18 
    18		 310  2162 	  17 19 
    19		 312  2133 	  18 20 
    20		 314  2105 	  19 21 
    21		 315  2077 	  20 22 
    22		 317  2048 	  21 23 
    23		 319  2020 	  22 24 
    24		 320  1991 	  23 25 
    25		 322  1963 	  24 26 
    26		 324  1934 	  25 27 
    27		 326  1906 	  26 28 
    28		 327  1877 	  27 29 
    29		 329  1849 	  28 30 
    30		 331  1821 	  29 31 
    31		 332  1792 	  30 32 
    32		 334  1763 	  31 33 
    33		 336  1735 	  32 34 
    34		 339  1706 	  33 35 
    35		 341  1678 	  34 36 
    36		 344  1650 	  35 37 
    37		 346  1621 	  36 38 
    38		 348  1593 	  37 39 
    39		 351  1564 	  38 40 
    40		 353  1536 	  39 41 
    41		 356  1507 	  40 42 
    42		 358  1479 	  41 43 
    43		 361  1450 	  42 44 
    44		 363  1421 	  43 45 
    45		 366  1393 	  44 46 
    46		 367  1364 	  45 47 
    47		 368  1336 	  46 48 
    48		 370  1308 	  47 49 
    49		 371  1279 	  48 50 
    50		 372  1251 	  49 51 
    51		 374  1222 	  50 52 
    52		 375  1193 	  51 53 
    53		 377  1165 	  52 54 
    54		 378  1136 	  53 55 
    55		 379  1108 	  54 56 
    56		 380  1079 	  55 57 
    57		 381  1050 	  56 58 
    58		 383  1022 	  57 59 
    59		 384   993 	  58 60 
    60		 385   964 	  59 61 
    61		 386   935 	  60 62 
    62		 388   907 	  61 63 
    63		 389   878 	  62 64 
    64		 390   849 	  63 65 
    65		 392   820 	  64 66 
    66		 393   791 	  65 67 
    67		 394   763 	  66 68 
    68		 395   735 	  67 69 
    69		 397   705 	  68 70 
    70		 398   677 	  69 71 
    71		 399   648 	  70 72 
    72		 401   619 	  71 73 
    73		 402   591 	  72 74 
    74		 403   562 	  73 75 
    75		 405   533 	  74 76 
    76		 406   505 	  75 77 
    77		 408   476 	  76 78 
    78		 411   448 	  77 79 
    79		 413   419 	  78 80 
    80		 415   390 	  79 81 
    81		 418   361 	  80 82 
    82		 420   333 	  81 83 
    83		 422   305 	  82 84 
    84		 425   275 	  83 85 
    85		 427   246 	  84 86 
    86		 429   218 	  85 87 
    87		 431   189 	  86 88 
    88		 434   160 	  87 89 
    89		 436   131 	  88 90 
    90		 438   102 	  89 91 
    91		 440    73 	  90 92 
    92		 443    45 	  91 93 
    93		 445    16 	  92 
