     1		  25  1895 	  2 
     2		  54  1894 	  1 3 
     3		  82  1892 	  2 4 
     4		 111  1891 	  3 5 
     5		 140  1890 	  4 6 
     6		 168  1889 	  5 7 
     7		 197  1887 	  6 8 
     8		 225  1886 	  7 9 
     9		 254  1885 	  8 10 
    10		 282  1884 	  9 11 
    11		 310  1883 	  10 12 
    12		 339  1882 	  11 13 
    13		 368  1881 	  12 14 
    14		 396  1880 	  13 15 
    15		 425  1879 	  14 16 
    16		 453  1878 	  15 17 
    17		 481  1877 	  16 18 
    18		 510  1876 	  17 19 
    19		 539  1875 	  18 20 
    20		 567  1868 	  19 21 
    21		 596  1862 	  20 22 
    22		 625  1856 	  21 23 
    23		 653  1855 	  22 24 
    24		 681  1854 	  23 25 
    25		 709  1853 	  24 26 
    26		 738  1852 	  25 27 
    27		 767  1851 	  26 28 
    28		 796  1851 	  27 29 
    29		 824  1850 	  28 30 
    30		 852  1850 	  29 31 
    31		 881  1850 	  30 32 
    32		 909  1849 	  31 33 
    33		 938  1848 	  32 34 
    34		 967  1847 	  33 35 
    35		 995  1846 	  34 36 
    36		1024  1844 	  35 37 
    37		1052  1843 	  36 38 
    38		1081  1842 	  37 39 
    39		1109  1841 	  38 40 
    40		1137  1840 	  39 41 
    41		1166  1839 	  40 42 
    42		1193  1839 	  41 43 
    43		1222  1838 	  42 44 
    44		1250  1837 	  43 45 
    45		1278  1841 	  44 46 
    46		1306  1844 	  45 47 
    47		1335  1846 	  46 48 
    48		1363  1848 	  47 49 
    49		1392  1850 	  48 50 
    50		1420  1851 	  49 51 
    51		1449  1853 	  50 52 
    52		1477  1855 	  51 53
    53		1526  1858 	  52 54 
    54		1529  1829 	  53 55 
    55		1530  1801 	  54 56 
    56		1532  1771 	  55 57 
    57		1534  1742 	  56 58 
    58		1535  1714 	  57 59 
    59		1537  1682 	  58 60 
    60		1539  1653 	  59 61 
    61		1541  1624 	  60 62 
    62		1543  1594 	  61 63 
    63		1546  1565 	  62 64 
    64		1549  1537 	  63 65 
    65		1552  1509 	  64 66 
    66		1554  1481 	  65 67 
    67		1557  1452 	  66 68 
    68		1560  1423 	  67 69 
    69		1562  1394 	  68 70 
    70		1565  1366 	  69 71 
    71		1567  1337 	  70 72 
    72		1570  1308 	  71 73 
    73		1573  1280 	  72 74 
    74		1575  1251 	  73 75 
    75		1578  1222 	  74 76 
    76		1580  1194 	  75 77 
    77		1583  1166 	  76 78 
    78		1585  1137 	  77 79 
    79		1588  1109 	  78 80 
    80		1590  1081 	  79 81 
    81		1593  1052 	  80 82 
    82		1596  1024 	  81 83 
    83		1598   996 	  82 84 
    84		1601   967 	  83 85 
    85		1603   939 	  84 86 
    86		1606   910 	  85 87 
    87		1608   882 	  86 88 
    88		1610   854 	  87 89 
    89		1613   824 	  88 90 
    90		1615   796 	  89 91 
    91		1618   767 	  90 92 
    92		1620   739 	  91 93 
    93		1623   711 	  92 94 
    94		1625   682 	  93 95 
    95		1627   654 	  94 96 
    96		1630   625 	  95 97 
    97		1632   596 	  96 98 
    98		1635   568 	  97 99 
    99		1637   539 	  98 100 
    100		1640   511 	  99 101 
    101		1642   483 	  100 102 
    102		1644   454 	  101 103 
    103		1647   426 	  102 104 
    104		1649   397 	  103 105 
    105		1652   368 	  104 106 
    106		1654   339 	  105 107 
    107		1664   310 	  106 108 
    108		1667   282 	  107 109 
    109		1670   253 	  108 110 
    110		1672   224 	  109 111 
    111		1674   196 	  110 112 
    112		1676   168 	  111 113 
    113		1679   139 	  112 114 
    114		1681   110 	  113 115 
    115		1683    82 	  114 116 
    116		1685    54 	  115 117 
    117		1688    24 	  116 
