 1   297 1152  0  2 9 
 2   300 1088  0  1 5 
 3   303  631  0  6 7 
 4   303  795  0  7 8 
 5   303 1012  0  2 8 
 6   304  592  0  3 10 
 7   304  681  0  3 4 
 8   305  907  0  4 5 
 9   347 1155  0  1 12 
10   348  589  0  6 11 
11   390  587  0  10 13 
12   396 1157  0  9 14 
13   430  588  0  11 15 
14   464 1153  0  12 28 
15   468  587  0  13 18 
16   506  262  0  17 
17   514  406  0  16 19 
18   515  587  0  15 20 22 
19   516  505  0  17 20 
20   517  537  0  18 19 
21   517  690  0  22 23 
22   518  650  0  18 21 
23   518  789  0  21 24 
24   521  885  0  23 26 
25   521 1234  0  29 
26   522  985  0  24 27 
27   522 1081  0  26 28 
28   522 1148  0  14 27 29 
29   523 1193  0  25 28 
