     1		 338  1275 	  3 19 
     2		 339  1159 	  3 4 
     3		 339  1218 	  1 2 
     4		 340  1104 	  2 6 
     5		 341   988 	  6 7 
     6		 341  1045 	  4 5 
     7		 342   929 	  5 9 
     8		 343   815 	  9 11 
     9		 343   873 	  7 8 
    10		 344   701 	  11 12 
    11		 344   758 	  8 10 
    12		 345   645 	  10 14 
    13		 346   532 	  14 16 
    14		 346   589 	  12 13 
    15		 347   417 	  16 17 
    16		 347   476 	  13 15 
    17		 348   361 	  15 18 
    18		 349   304 	  17 20 
    19		 398  1278 	  1 21 
    20		 403   271 	  18 22 
    21		 454  1277 	  19 23 
    22		 463   242 	  20 24 
    23		 515  1276 	  21 25 
    24		 521   229 	  22 26 
    25		 575  1275 	  23 27 
    26		 582   216 	  24 28 
    27		 630  1274 	  25 32 
    28		 643   203 	  26 29 50 
    29		 702   191 	  28 49 50 
    30		 702  1148 	  31 37 
    31		 702  1212 	  30 32 
    32		 702  1269 	  27 31 33 
    33		 702  1328 	  32 
    34		 703   921 	  35 43 
    35		 703   976 	  34 36 
    36		 703  1034 	  35 37 
    37		 703  1090 	  30 36 
    38		 704   561 	  39 47 
    39		 704   619 	  38 40 
    40		 704   675 	  39 41 
    41		 704   743 	  40 42 
    42		 704   796 	  41 43 
    43		 704   862 	  34 42 
    44		 705   331 	  45 50 
    45		 705   389 	  44 46 
    46		 705   445 	  45 47 
    47		 705   502 	  38 46 
    48		 706    39 	  49 
    49		 706   111 	  29 48 
    50		 706   257 	  28 29 44 
